4083
4949
976
1342
2830
4183
672
2018
3612
2378
2931
2254
2856
3284
1793
3007
3507
3777
3970
1061
3698
3917
1013
248
2773
2280
540
2344
4137
92
3165
3987
4354
2966
100
3858
1538
2562
4067
4418
3097
627
1733
3976
3028
351
1702
3378
749
1756
3761
1201
4011
4128
2037
3
1087
4157
3395
4309
1144
3273
1757
4182
1680
1840
3788
4575
4519
4252
3286
4055
513
1640
2211
3095
2996
4318
3668
1520
662
3054
1483
4416
3974
386
4637
1265
1185
4284
2931
3321
2855
2880
253
2415
719
4517
3332
4825
3770
1602
4463
1081
3605
2904
1923
941
4167
2037
531
1350
1660
1701
2552
3671
3545
1559
3842
2876
4438
671
541
114
69
198
4651
3949
1533
1547
3871
186
2429
1883
1961
2814
2369
4780
1133
2209
430
4517
3948
256
1625
4182
903
4636
1952
3357
4959
3748
3503
2221
1731
724
2924
1710
4999
745
2753
2667
1413
1689
2015
3232
3073
4226
1007
3061
350
612
2476
4152
4436
398
848
2644
3411
2301
1307
2642
4385
906
167
2818
4561
3789
1760
1065
3870
1190
2349
3242
2169
4007
1793
3157
4909
1867
3160
1879
3702
2670
851
2665
1479
1182
1124
2524
891
1133
763
1154
4929
4048
3592
3406
4734
3521
4281
1042
2854
1963
2822
1962
689
2154
3550
3354
1004
3175
299
624
4331
4193
632
3391
2930
172
2208
4959
3425
3831
3642
4490
89
3790
2021
2881
720
236
419
1424
795
1995
1206
987
1227
2915
4549
1533
2182
3102
97
739
1380
2834
3692
1292
826
3601
4852
1532
2220
380
3527
2808
3034
4810
3422
4443
1373
2100
37
4830
4483
1552
317
1449
175
1581
4980
3093
1862
669
4852
3818
1648
3246
2629
865
826
2894
4141
1061
3649
3498
3713
3028
1239
1602
625
1444
466
1851
4698
569
910
1595
2599
815
1582
1619
4379
3803
4716
2364
3841
377
1441
432
1081
4988
4379
4441
832
2659
4927
2075
2130
1216
4061
411
1229
1321
2955
3978
1292
2521
4361
2068
3710
1535
3474
1011
4664
2470
1846
1622
3020
4243
839
167
1893
1398
3290
2064
1817
2516
2775
3989
929
1500
3973
2217
2395
1212
3813
3424
4795
228
212
4904
4093
1151
2933
4046
3554
3107
1399
1168
51
2978
3636
864
4664
4046
3952
2501
2748
3108
4751
4417
3657
1779
2988
1773
1456
2995
2097
1602
1330
4144
3523
3634
2411
1047
1261
2996
780
2090
19
1392
498
3443
3824
125
2445
3215
1635
3394
455
359
2744
1091
1105
4223
1225
2309
3108
954
286
1684
1004
2186
2089
4133
2662
4435
3556
2509
4819
1594
4549
2153
3120
4618
811
1203
1550
4970
2031
4209
2822
375
3233
3967
431
2772
1938
1791
438
2821
3312
4861
204
241
3558
4340
3160
1014
450
3884
602
4232
819
2027
2234
4310
658
3112
2848
4115
2526
1213
2673
3165
1456
615
4700
4124
2208
4471
2631
374
3889
3552
2955
1005
2344
2127
1679
1959
916
3961
140
4655
84
515
2413
3536
3649
1673
4813
3541
1574
1434
4770
3632
218
1324
3533
4488
626
3857
443
2958
1310
4803
2670
1434
2687
906
2976
2270
1285
4514
2714
1072
362
450
1256
4865
762
4439
922
4726
1226
487
2033
2900
1269
583
1951
2864
3549
2394
2329
4678
4896
2526
3519
2560
455
4494
2347
4683
3006
3850
841
4418
4815
4701
2270
2473
3153
4075
4766
4978
2896
1170
2367
1073
4914
320
1939
1778
3880
2576
911
4557
4153
3784
1007
712
2569
3348
948
4161
4129
2726
4974
2331
2622
4701
3588
1140
943
1469
3390
4696
3694
2501
19
1442
893
2787
3938
4784
4827
4972
4796
3018
2648
2873
4193
977
2556
3964
1472
3194
2451
1916
2074
4951
3495
4253
215
1343
738
3499
159
4399
3276
4246
1705
555
4500
2741
1754
1952
154
375
422
4400
4963
484
3563
357
541
992
766
4996
2342
184
2590
3588
2734
76
4765
3965
4103
2324
4966
514
4871
3432
4172
1478
2088
3230
2030
4024
2866
484
1775
634
10
2537
4821
4962
1457
3207
1735
1663
4369
2482
1891
1548
4936
333
2968
3194
4663
261
3145
1401
1769
2076
2228
25
2767
2955
2559
1660
4997
2840
4217
3972
383
4938
1501
4200
2620
1270
4501
2383
609
3194
3513
4730
758
1236
107
1334
4000
16
4808
4343
2400
1319
1910
2672
2424
4748
4778
1476
167
1069
3360
4333
1821
3064
350
409
40
4015
817
3297
2261
4624
1418
151
370
4155
3567
4129
4561
1832
353
719
1716
1413
4618
3608
69
2931
3618
3830
2366
1446
2245
251
2881
708
4930
3776
4863
4056
3685
3735
3058
1372
4270
936
4330
2486
2013
258
4630
1087
3258
984
495
3702
4749
451
102
4476
1840
3982
3955
713
3901
3507
2377
461
4987
4352
909
2784
2106
3639
922
1195
3067
1767
4155
407
4254
741
2889
2653
3272
3553
4398
4849
2520
1537
1627
358
3237
420
837
3882
4910
4257
1946
3524
4149
1646
3283
990
1457
452
2728
1239
1258
1545
1426
4127
1459
3184
1839
1914
3603
3519
4731
2159
2343
359
119
42
2120
4739
4964
1022
1204
4010
158
3478
4020
4358
3529
4832
3731
2093
4598
825
2722
255
2066
584
2932
3914
2362
2032
3947
3552
3171
1583
4139
2902
3426
2936
349
2041
1856
50
2903
4459
2666
2554
2363
1694
2177
319
4153
2725
4180
2464
1460
910
3896
4148
1375
2795
1789
767
3084
4261
2292
1623
3170
961
1192
1602
88
4351
345
3312
3402
4197
3457
4428
3678
1506
3335
2325
2742
1848
3444
1200
1857
1356
22
4035
2549
213
378
1486
1744
2235
1691
3860
3939
626
2410
4160
3209
534
4529
4965
1707
4389
2692
274
2565
3977
1166
1803
4846
3802
1223
3111
3071
4989
4444
1265
