23345
42207
48444
13360
49565
33430
37635
20851
17415
40058
6149
42146
33743
26762
42994
30560
6621
34244
1235
43865
44227
43956
32574
26496
24501
1213
3192
18871
46877
19440
4747
8153
10500
33647
26504
21049
12978
19046
37579
49076
40920
32924
28615
7802
33217
7286
13576
11858
37907
555
2830
5595
32034
24139
42244
23226
25567
3920
33555
49319
10623
5878
31993
47179
19491
3787
46271
31621
16453
36595
7603
15626
21130
6678
29656
47762
25040
32753
8368
9324
16667
25082
14350
39367
21217
29082
27864
42873
4249
32779
18987
49499
6304
23094
23652
186
31859
21174
20594
25213
21544
30394
35656
26965
17177
16946
8314
26849
7926
43350
16964
38893
9891
7078
37935
10107
24447
31835
3321
22245
29716
34787
35745
35173
19845
47677
4995
3224
29165
48452
47870
12455
13371
23000
7761
3825
27888
4302
26186
25090
5137
3602
31717
49195
26226
36853
5320
864
42710
19049
33054
6455
15950
10864
48108
2268
29822
41049
48202
16770
33519
3359
45249
27451
20429
29616
11477
34107
46049
29836
22443
46443
10552
49390
33905
35810
4796
5315
42885
24393
44836
29554
5399
19013
18648
19170
31182
22379
24526
41553
8317
40727
39979
45694
17069
2841
29451
1709
12960
45314
1502
20587
13635
14045
44291
23162
31240
44362
21749
39257
22803
4356
24450
5958
44742
26565
6629
13526
38257
21124
43218
31685
37467
15591
24035
1232
6905
28885
2835
1753
33677
43609
40211
30745
42751
49565
42436
26618
24081
28928
35562
32226
1445
30936
1025
4564
45003
7448
48281
27200
43424
29344
7750
41170
5174
4913
5489
5118
49862
41254
44441
41745
32894
38100
46061
40930
12886
41936
20099
38440
18987
19137
27230
10429
7682
40489
47651
46628
37218
15417
30074
43988
33526
9647
41949
6038
20028
18020
28385
34466
16384
9978
12423
7972
13012
12849
44812
25543
28016
30218
43365
299
5938
3876
5953
28132
38364
30721
5007
24767
42119
3735
36095
3227
18627
10998
27437
13378
24154
4240
18715
23165
48304
29038
22076
29450
49554
39133
17889
5069
29669
9522
2141
12642
20303
7466
48950
25784
21789
30578
48342
47281
27093
25391
35235
16915
28545
17980
42015
38673
13821
14124
43379
30415
27783
38776
7758
32846
31668
30967
40593
23328
715
45431
47255
8400
43946
41410
4535
39929
30231
5377
49359
42263
40931
47749
27782
4829
23611
29786
16958
26264
49768
45274
44676
47750
32262
4209
29484
1254
13933
6846
10133
5594
47750
41510
15909
19768
45042
36327
22160
24706
36717
40894
12472
4147
35928
12265
1981
24773
32997
27159
15446
24135
45054
27427
20003
5563
32421
46887
40296
38261
48545
20633
12959
44933
34999
38459
45723
11827
42886
28026
21397
18584
4040
43175
40060
29187
4170
7608
12314
29929
42179
35761
8238
310
65
42239
21743
17634
38216
35289
28940
29618
37166
39211
3072
29591
20057
26319
40521
36456
2739
8059
24794
37347
8873
27441
27579
13964
19715
48621
43406
40629
5869
32029
33692
46744
33903
2881
28758
31170
39286
34316
27596
23356
34308
41171
27417
19073
34575
4834
12253
48656
24456
20494
10200
16434
25585
42260
23699
39605
22309
3405
24858
45543
49812
28405
27934
25024
45596
41264
4004
40532
23375
47472
26111
20424
3715
12509
17120
18584
8824
2141
24446
22123
15501
11513
43762
31555
11605
47944
49486
14150
37764
49848
25715
27391
49395
38904
47218
49072
4308
15532
24950
41618
49252
29976
16438
44066
799
44322
2850
11434
13898
13867
6099
19636
48748
33541
34011
20812
20138
8394
34610
24194
22902
35199
43836
10273
14532
10041
21970
3973
12068
4998
22886
4021
34495
7967
15482
28086
29409
4415
28677
17740
42588
44593
11873
33914
45950
38839
30597
5935
21719
15407
42743
28493
11031
43783
27472
39806
774
15001
46933
37538
42716
13356
4540
36353
13595
37495
8423
11206
2433
2848
2013
11296
40018
35720
12287
10474
7385
43943
13323
39156
20237
696
40663
5060
8314
42471
12954
27940
2037
35487
19215
35688
5939
46910
396
14470
14095
28448
910
26081
5871
14841
9362
7427
23614
30519
17024
26580
14084
25454
37693
2225
3557
30209
30154
11396
19563
23919
15939
6118
35817
44003
40049
31224
41376
20339
36605
16332
12281
20058
42120
44152
22899
30569
7130
31860
8215
34840
17724
23915
18166
12935
33146
19860
23988
49743
16561
25030
8558
2021
17678
21470
49334
1313
24326
29990
40373
38619
476
38224
15633
23687
12945
42393
12833
9320
41057
13707
30211
14792
21088
44616
23466
12434
8640
24474
46241
9107
49872
3984
33702
41556
11336
30369
7653
43270
25269
48236
15918
40703
45003
12952
25146
10958
39795
1574
44359
22104
23249
46081
9201
34583
15153
17180
28859
40587
34078
10184
6220
1407
18453
22646
36588
7592
12909
24069
44188
30276
39489
13410
42592
41325
32637
15963
20555
23144
47890
16260
32928
19139
9782
49521
1773
14573
18404
1526
24032
19531
1461
24099
19013
29001
9748
9075
38596
34284
30069
36738
29662
38665
37351
49701
28078
2098
47592
44523
17729
32914
5191
6977
45447
26112
18373
4582
3835
9001
35418
30848
35285
35895
14604
11070
46608
22313
23287
40580
3794
25791
49131
28679
3754
16895
36984
2003
34449
25231
45380
46152
35964
19241
7589
9078
38694
33983
30532
41592
37186
6373
18077
43781
34283
44721
6451
37994
14915
1042
32909
13424
27659
46597
24239
31553
20519
45675
31866
35921
12181
29898
24160
35796
21057
43170
19986
33132
3403
2634
15504
28697
19375
23020
25787
17546
4649
38019
9308
18109
42041
33202
23062
25281
1352
20739
12938
49341
3433
46597
2698
45778
26550
6672
14978
9402
465
34754
848
46765
10523
38504
36999
45868
13723
40754
22833
24367
26616
39074
37918
39644
7663
21285
30067
26682
10340
31316
7510
36049
14495
18546
30309
33592
45053
43474
9118
37206
39927
26421
18094
36982
13588
45407
13219
45115
31134
8952
1784
5177
7291
14345
41302
3196
16174
506
18982
45876
9511
46156
48889
31579
8061
8629
14213
11607
2993
34550
40646
19075
14654
48699
28847
17529
17036
41432
9056
1946
33936
4075
12654
33648
6718
21149
40936
28176
40700
809
48104
47573
41418
36624
45333
49827
20540
38248
20546
4050
8924
22207
36378
28894
39970
28024
10525
42068
32742
17093
2058
35954
4017
26752
47304
11002
43056
32587
6645
20195
1250
8311
21265
26300
36733
9781
17637
46634
14117
8403
32184
29467
21845
27820
21315
34529
25204
27778
18467
8279
22338
1540
43629
8272
28914
42857
639
13808
13266
2446
17717
47229
31505
39908
11370
47966
4713
34304
982
16004
14845
41823
20977
15207
36514
26065
9029
9403
39115
8183
9239
27860
34181
40010
33516
13497
5794
24112
41253
14272
2308
49623
14490
31611
47798
17763
18723
30788
26461
650
31096
27341
43169
43434
3576
10141
33700
28090
22454
28420
5740
29998
919
1962
16838
328
17743
11254
17107
2714
44377
33449
10122
19428
31784
36910
44309
32658
3542
23060
1083
32341
624
40939
48310
13025
1180
44581
23985
19226
34470
8415
36703
16680
26554
48258
35726
47147
38529
37992
40328
19523
4106
31660
9435
35229
39452
46643
8370
28419
8444
17074
21664
16887
25083
29385
2535
36238
20934
1637
17702
9145
41571
36816
26226
40773
35604
39019
5857
26874
8867
31146
20031
11573
16128
13242
48678
24730
28331
5530
42090
33216
43906
33784
2113
30279
33152
3891
9438
9398
23471
22059
8469
16418
25839
49061
15642
31252
26737
42984
14074
4393
14633
39463
14772
25888
3368
9549
2899
43381
45020
39975
19816
12377
44868
33417
36613
34264
20989
42346
45176
7298
22703
23631
44393
1893
4553
22942
22523
4583
7380
1895
2707
41182
48008
41650
41204
28278
44973
18856
37889
46703
1405
34175
1399
44881
28237
27473
13902
9371
24560
1657
16248
13494
16748
29179
1850
21980
38881
36395
8863
17151
16944
46824
2148
16176
24125
25785
22982
30142
5694
24357
13869
40269
42379
30891
7134
24480
42709
17854
39876
6204
1469
42983
2742
35627
6610
9599
49505
5264
17131
32707
3953
12040
27463
47366
29369
29755
25928
38108
16163
22410
16472
24046
8206
20060
35498
27459
4887
30532
4058
32494
30364
35274
15524
34831
45980
1718
36618
48813
36468
42209
29395
38965
3292
13634
46942
14452
5750
27622
47270
8715
43058
25105
15369
28337
18799
13958
10987
17676
12830
10487
748
46823
47522
37055
28468
4550
7429
6266
3073
13463
3896
16588
26119
25765
16429
21841
13604
11894
49885
12690
35521
22420
43671
5297
22703
18241
1761
26669
11383
22661
23920
26757
2699
28867
38719
12458
37981
15148
45578
17020
2028
23629
24998
5626
42117
20560
5845
20623
48037
15458
5848
39154
36288
46959
12075
23005
1822
43071
18645
4624
4247
39749
28011
19296
1310
44480
17907
9939
43516
41506
43874
10852
33914
34954
29594
26355
15459
31213
36584
35484
39937
10369
4410
30993
45556
46512
1513
19521
17280
7939
8173
19582
38006
20242
23468
8731
25604
30761
24870
36820
30349
34633
6046
25625
45231
13637
43539
15563
31450
20961
29686
30017
18114
37135
13472
10872
6258
14306
23436
14459
18638
44353
39845
21543
22458
16756
22716
3753
22310
36794
508
39093
37538
34528
4206
41818
35137
45979
22559
46613
590
5465
22271
22937
17367
34309
9229
7604
46552
9786
42139
7377
20048
30194
13919
7423
39106
41337
39232
6552
35851
4184
48841
28948
20278
22766
33207
23448
9964
5930
18369
47965
38433
9289
40205
36736
28460
30872
45458
30473
14375
7277
11955
25062
16972
16038
33179
28998
40771
1317
12227
10265
32397
28392
47631
49271
13919
28185
47378
22241
9713
40883
8967
34880
19321
35490
14981
6313
15828
20757
8879
36109
38870
16291
40694
26712
3131
4366
31407
27860
24958
17197
47182
34864
33394
23294
3555
27990
44444
19988
32566
34291
13573
7344
30677
41862
43723
22239
15706
7662
41456
49937
20634
6212
16820
13693
2362
35098
12959
15743
23750
35318
2113
36533
31862
40719
2444
13180
48098
9763
3038
13451
23649
14384
31942
15104
6501
4161
2173
20158
20197
2574
33361
13548
24216
24392
38182
9554
30470
17422
845
25307
1910
8155
3270
34364
40128
3420
39846
42426
6974
46856
4839
22203
47172
41774
6621
5664
12509
18353
32265
8613
30295
22831
13912
2906
3629
3106
14463
10278
29680
7875
3645
20615
2408
8855
26579
7649
41889
22440
42108
38621
26287
31560
39386
41832
12082
22140
11338
47934
42084
2624
7389
45051
36801
22656
8328
17331
37355
15093
10534
49410
30233
38537
17360
4731
41964
27348
10937
15788
10500
39056
43957
18586
20170
42344
20304
1943
41645
395
41728
12085
18918
42991
20410
18900
25515
31967
21118
24947
47980
10330
34387
40171
8365
10202
4674
18185
5473
14969
18692
9063
1235
36183
24238
20704
24666
49731
44211
31402
9551
6026
8809
8909
9287
29881
6803
47277
13219
16839
22660
27249
44924
4869
20707
25289
6050
41071
13241
24868
10861
32063
9897
34768
15581
22216
7365
28157
20295
41337
26939
25115
16780
12271
31919
36102
15917
18987
27396
6822
16471
26251
70
27681
28228
3643
22734
31501
24285
18028
10397
35328
28330
16012
4803
8143
25898
49539
8406
19291
32548
2900
34798
15661
277
25375
27340
34190
1562
186
24158
3760
40402
40624
21757
13914
27572
13270
32471
35765
28549
17004
40136
18750
19517
8560
8712
49078
11599
32325
15230
2034
41490
3527
39596
26513
44313
25297
12857
45681
37257
4000
34402
46028
13950
6882
32927
46349
32603
25016
20604
18532
33994
43435
10080
22586
47427
35841
20673
30168
8613
14329
34363
30668
11274
936
28290
36177
39018
7885
43406
40150
38166
40388
22897
36997
12662
10486
6223
28959
7936
43866
40238
36535
42954
26392
15281
17816
33125
48722
12512
42578
17115
24533
31492
30779
42679
49612
46328
3225
26063
13357
30892
13286
20461
32279
27206
46342
46886
34200
39430
16786
6324
32522
49332
4731
4501
37788
43621
37679
24203
18983
18127
29299
18078
3104
29629
13105
5989
35247
739
44804
29060
36240
26060
33881
19168
19240
14105
6271
3403
9987
17983
22477
46336
20841
45310
30496
32243
27175
45952
24393
45669
12645
31429
45565
34905
34033
16448
16044
42769
17097
39072
31231
39739
5292
5716
12017
30439
27945
17360
17091
16029
34674
43424
23669
35972
12711
24226
3833
26378
29565
9777
17197
34391
10903
16722
6564
3869
29781
22647
31277
13748
37190
4071
14633
1
2663
22955
43441
10793
29227
2894
47047
24213
23490
42127
24769
15288
5855
14235
15295
24557
29545
32447
27332
9535
38355
2471
19503
16282
40216
32049
48091
29679
33940
26418
1722
24396
14654
33393
33314
4428
7017
5309
6689
36540
37317
647
38661
12878
42678
12811
5875
3889
22256
37718
43941
23297
19403
13839
41690
8644
2844
30913
1504
1147
31489
15192
38015
45380
37616
32854
19153
5741
710
25798
5648
3694
45072
3174
22591
21694
17816
15896
40797
38601
26484
4526
38826
43434
37186
26769
16476
27022
19447
35882
7903
21210
318
26231
15367
45156
20802
33377
32268
17592
44576
4879
44206
19060
7578
37365
35057
10344
34693
18382
7506
2233
43722
9454
31464
24638
18876
45335
27783
14114
39349
36237
45448
22344
33639
34857
18618
44972
23515
42797
26828
4979
10381
37443
1549
14911
22310
30902
26495
29477
21784
482
37134
42939
6568
40096
23522
38062
35463
15168
40293
49103
10941
33895
37185
35533
17386
12529
11357
175
37145
44941
2619
39201
620
30600
35348
34982
42616
36245
14548
17382
27693
9204
20300
36495
24711
45285
40695
14475
41562
22808
34916
46422
16432
36458
22024
3217
1094
43260
21907
24284
31189
40336
6765
37122
39200
15899
13975
18984
5505
49389
32897
40921
15651
16087
20023
28968
9649
34781
21652
23087
19916
35826
15945
35979
21629
2933
49399
35451
13307
29267
24712
19570
39143
46339
41258
5219
22903
46779
45704
20647
4455
34314
13208
2356
35405
17664
14719
7353
31840
7304
7483
40000
29742
31764
1326
19877
34227
33474
43261
24872
32248
7253
12222
17484
5799
6736
2082
39366
11717
17395
462
43633
12388
25144
20613
9136
16825
43949
33039
20037
29526
9819
23064
5156
5789
28552
43933
27418
36084
22967
29074
24134
10870
39303
45036
42678
33642
39346
16927
33375
44118
48592
46016
15972
46449
12160
24053
37530
16442
49086
37890
24121
12248
33887
23535
28125
44125
26523
14558
17448
12637
7880
44800
35848
45136
25714
31119
49346
18190
47723
47166
29634
29796
37589
5596
32507
39451
16577
13220
35091
2447
8507
46846
17470
4496
44470
8556
40966
35411
42197
2762
14154
10549
30609
6266
25399
7160
8920
8893
18894
36061
44646
24093
10876
4749
35455
32567
11628
42060
44341
33258
27591
32678
4207
46205
3995
26817
31563
48199
43553
31883
28608
2948
49258
45780
33706
23409
38615
20905
6354
21037
14173
28545
7046
47667
22925
9223
20544
6302
7003
36745
14705
4180
6602
20257
37756
11543
4890
32887
19270
8620
45258
31037
7005
29313
43841
4836
24116
36170
41182
15804
30911
28510
36478
1181
8817
23150
48732
26745
16098
49801
39993
34571
42525
45495
42064
10988
5828
40054
4937
30
43797
44668
37527
7639
3969
2857
23549
26183
42334
21193
21028
35729
4484
43802
22747
42291
14133
35975
18131
21241
8448
3744
13467
3968
40068
4131
5414
28983
9510
47715
2270
7936
42496
2361
18141
30155
38115
19899
40451
48726
32590
34738
8631
19899
8634
6881
19332
31651
17280
332
23768
43761
48520
47662
6090
4168
3323
38823
13669
3778
42710
33932
4353
19386
19574
18408
41671
32780
29222
2377
2234
49020
25995
10538
29752
4953
36055
14246
47243
49363
18445
33237
48564
25616
43741
16937
26879
7562
30794
17645
14293
13508
24403
35736
6046
20248
19605
47363
25917
44974
21369
12280
46262
38013
21390
13243
24664
32799
20214
28989
6484
11976
15391
19817
17467
22081
1546
2388
21195
28737
15938
37870
11240
33183
2247
19624
37987
4775
23055
36285
11038
32900
42287
13479
6037
36741
23127
46422
44373
684
8958
34993
40342
37700
47230
48218
8433
7098
32529
47655
31186
493
2063
40710
43701
1144
39993
35029
13879
2670
8820
250
41970
37800
41466
16454
45849
27750
1876
13677
31862
298
15854
28749
29501
31002
14746
43178
24549
42916
43399
20623
8065
23702
24720
48842
40536
5170
41349
48617
17022
46776
24779
26334
45039
49755
33932
43103
35577
32324
29399
48834
37743
21215
42539
8080
17294
23014
23450
39473
46813
12179
20294
12126
21279
40486
25450
28524
11845
7499
17290
2678
25231
10838
1845
20486
30160
5620
18760
31837
46326
31696
37708
21324
36793
41710
24082
14584
8673
37174
24762
8415
29200
28309
6199
23763
34679
37577
29706
20868
24425
14737
35038
46397
20721
41859
29924
34661
47571
30742
43908
39980
23477
11382
2013
9181
6398
12083
945
44946
45441
26985
27271
4937
32913
28543
18092
21268
24670
39000
18749
49862
41071
44000
34750
25063
38948
27585
4934
17292
4791
39698
35581
20485
46252
7450
43143
25255
36954
14962
26123
43551
33284
29735
28271
17681
41167
24991
10701
35427
4914
15070
36489
22672
33398
28678
8957
44253
18499
43282
30246
14165
10482
8242
37457
27000
27082
47459
21017
29780
30406
24099
30334
33252
40318
49084
7045
27121
24219
18738
518
41241
7906
43715
13398
43479
39077
20537
42030
5305
2283
12458
23872
9974
29598
28163
33008
42589
23706
1918
28361
7069
10736
6884
24279
13986
46518
14342
7611
32800
45003
34027
17586
21269
23896
43541
37094
18729
23226
7496
32703
47049
11206
47957
16672
14567
28225
25937
44201
11321
9373
7281
6772
27501
11793
30102
26667
6457
18384
26170
10467
10015
48878
33532
39414
4684
27917
3930
6259
35926
31714
23319
11158
20748
49980
48771
21586
39588
27407
27151
47813
41663
33141
38769
36640
45862
43033
28453
30184
49676
14627
37992
26977
41822
385
43937
41273
39849
45922
11714
45952
6150
47826
48608
2004
48672
46347
563
25538
13960
45885
24989
19848
29355
20476
14292
31543
3261
6212
42843
19744
14460
48948
48472
30446
34169
239
46011
46039
11395
19677
17452
26484
2336
42226
23346
20081
40708
43688
8048
36045
41821
20406
48890
41343
11536
39414
10494
45001
40749
45137
7002
14506
28359
46512
959
8872
45528
14730
21813
36494
39498
36589
24707
18310
20115
44409
41590
44788
45948
106
47860
10268
23379
36370
40441
6833
49857
46922
28449
38579
426
38229
12557
23155
19223
23977
34431
24029
27186
45874
22901
46416
35068
36421
46559
30198
13624
37466
24759
25987
49236
30498
37531
26183
3607
41284
19303
32833
21344
4488
22644
27492
33643
31741
20517
14782
6016
224
433
5297
7193
2203
31813
1729
33195
1431
37004
8780
33402
30265
20172
35734
40734
14525
13529
45202
5116
30684
27188
46822
17173
4321
9457
14141
23098
18208
37793
17313
5294
47822
29313
18842
7979
20572
18198
17951
31079
37708
31365
23086
18552
46659
14872
20632
22361
47621
27221
39828
29247
26770
16316
44572
4146
23474
3448
9628
36506
16021
12343
29367
22552
28629
9565
12080
19173
22741
47322
49159
40121
32205
24492
7351
24574
45191
45750
6710
36552
20581
5804
13659
39412
22808
20412
48321
43774
3056
26128
37196
42245
30315
26958
42306
20458
21147
25041
28750
3857
46211
39943
36878
37711
29706
1290
19472
39311
3175
21910
14119
10229
27572
40769
5004
49249
20253
27084
40585
8650
39946
8551
38592
48313
48773
49190
4026
20691
17792
8672
26661
3040
35596
20256
310
5128
19966
44067
20564
18230
4678
34890
4083
46429
12709
811
10173
23439
27157
3523
11657
49099
10295
22257
49585
34922
29805
18156
3663
43924
14251
37174
47469
31596
1056
38539
30513
9445
14506
15641
32926
20519
7198
41345
29459
17047
9302
36951
45080
8463
15969
44633
46977
1477
35598
29889
21683
13274
13067
24006
43702
42376
18631
27137
41888
26152
46045
535
16461
19560
6208
27420
41697
46947
13070
17209
17586
40861
9586
42460
11930
22200
39423
45073
18480
16186
15464
31516
22693
17115
654
33124
366
29744
35761
22174
11647
43818
12808
47156
7263
4866
17388
29528
33292
9117
43445
29955
30731
10819
9293
45254
24175
17274
49498
35264
3427
6004
19463
18682
30761
31039
10636
1331
3321
98
10275
49980
12861
29335
14981
39583
6796
26310
4682
442
30664
7018
38090
42387
46340
27106
47929
22391
36053
23454
24355
21530
46810
37134
46755
10852
39125
12321
1921
36112
6375
9096
3422
30001
16023
41075
41671
47176
16147
31811
3223
11163
2743
44542
21989
29662
5601
34735
13161
20217
33378
42994
49011
45421
27513
42956
45048
35181
41273
34403
48778
45999
11041
41059
38854
10160
12370
43892
31311
13584
22075
15758
19158
44677
39970
5763
36817
32387
33308
45386
10191
46143
22545
2053
25642
43476
49529
26929
34588
40429
5091
30761
30839
37979
48595
5822
20253
6524
41222
7054
41318
46389
18074
45007
19931
24236
5202
15562
9347
9804
25087
2284
8538
41650
2488
20132
41012
14793
14545
13293
9974
10913
1299
29181
16096
20078
36725
30859
26422
1754
48369
36867
1287
2371
24944
1964
3998
45575
15558
48552
2749
15474
14369
42045
42912
12395
2415
44591
38535
12090
661
45560
20852
12154
20307
39284
29109
25668
26482
47662
9908
48385
28911
41678
31066
18624
14805
42092
31888
6835
27386
22095
7962
3802
12239
44024
4952
45096
2287
10456
33909
20311
12701
40421
18451
49916
10026
14327
30226
23170
28664
19362
46141
20365
3949
13611
21211
44023
1725
36906
34039
44895
7633
38781
14816
4439
40803
10251
41520
22389
2857
44803
42879
22862
24715
17226
249
37585
14185
21814
17812
14159
34699
19578
37060
36132
47137
23742
42780
20517
40807
14672
22541
21343
33134
3449
47607
32565
5551
19988
37873
11996
15850
47248
18686
30976
48091
7164
46711
32749
23802
33059
38152
45955
40197
25172
49014
21253
48907
48197
44560
9124
46423
24204
17066
41578
29828
47162
13070
49549
13446
23944
48951
49280
19777
14609
39973
41590
18259
43374
32211
10357
28770
8742
9440
2434
35875
49285
44941
43496
10893
15654
42540
11047
27863
25650
36043
42516
30690
48347
25955
31088
41299
25638
38910
14969
207
1175
157
33840
22888
10265
23666
21365
43601
17671
8520
17706
36597
41973
3664
6976
47425
11189
8122
40649
30284
8689
40281
4354
13241
43632
33829
38386
15238
27234
42507
35462
22338
5312
4239
30084
28238
12213
18961
49002
11063
6687
37427
49906
44644
5583
49054
20096
37638
1084
35720
2621
46961
14771
34856
40025
3850
25691
10963
29905
23936
11374
9344
161
40057
11381
2558
7920
10916
22497
32811
15447
20494
18921
7866
27527
48309
45981
21954
6248
49446
16220
40129
1909
20625
48364
15444
21066
16709
47908
26143
7771
47273
44182
28693
3713
47382
27115
29735
14558
11602
27541
3020
45236
49848
26656
10615
19629
44175
47233
21629
11298
3915
24498
23582
13924
28815
7383
40445
30325
11477
18849
14642
16337
31980
695
7692
15981
31500
20436
30158
17586
25555
3010
13986
48217
36082
39124
26546
45871
40176
35459
38068
13717
39092
8935
24130
37954
11084
43883
4162
34454
30761
4870
33835
16769
43006
7226
36990
22793
41255
19248
26997
39887
30745
34561
25138
2188
41691
25355
31436
33729
22011
40551
30527
17462
18364
48029
4752
37337
44142
27750
47292
23687
33872
15159
6801
29598
44555
15304
3692
42132
36035
3455
27635
19123
37764
19842
3591
43961
2548
28046
40253
49261
18256
26404
48949
46101
1366
47974
36985
40149
43926
5351
36533
38582
36445
5623
18084
4368
818
18089
23066
12224
35178
47755
43780
27007
7713
40619
2489
20501
4039
32680
43242
17632
48625
9599
3306
32575
47958
24906
40662
43679
40028
19323
33450
39354
8765
17219
29275
26108
36828
5403
11219
32824
4906
39104
32337
19302
38027
2148
33085
2103
5822
33941
36388
911
6874
12869
1181
23554
34742
38219
3951
16278
16361
23211
36923
26599
27061
26829
1307
22304
31328
39483
36761
22641
18125
38567
40188
20840
36812
21604
14373
35698
40516
6855
12610
11763
5740
10674
25840
10524
13461
28177
29423
27251
10047
13379
21798
2133
34369
22864
19592
45935
28321
43152
20922
42202
36820
5706
21011
32704
46431
48411
24514
17853
43278
45789
5244
37220
34810
40089
46205
28848
17648
44356
46749
20634
38602
36773
5630
48688
13398
17154
33293
10456
6397
27091
7574
16173
17465
28301
38725
36409
19566
18571
5822
7206
29109
14003
31429
35758
49348
1409
21647
6987
6052
3486
25152
19480
25026
46810
6214
9184
22324
46171
4044
36807
33953
40148
39981
15514
29132
26646
41594
39295
22992
5062
44999
14182
6899
14869
28938
9474
47308
17421
34725
7089
38070
48278
3233
27305
34203
49159
20206
41442
9451
47038
13051
29177
18523
49552
36790
4215
40206
7671
15959
47365
44904
40299
35497
47871
17591
33182
12225
13075
16
34166
23930
39485
43036
34799
33450
23617
664
11112
24715
43041
11662
37758
42390
8176
47475
14828
35175
29986
14497
29170
20042
36199
4080
11256
49093
12957
4409
31713
35427
15202
8263
3666
42324
5740
833
12204
36418
38383
7734
4862
822
42995
16237
13409
6351
41940
36690
40145
24606
49655
8243
47652
37733
49893
8328
34997
21914
30000
5949
35920
36407
47962
15607
49051
34387
30915
37356
27095
15744
32565
9873
20795
9052
40801
25694
47831
26404
6512
29470
17290
1287
42634
26265
17964
16868
19103
18229
2486
11338
25787
15281
18784
4160
432
16649
40050
36724
14774
14315
45886
2155
8732
6278
34786
3882
30064
36548
5064
17352
42755
4737
30696
10518
14724
2070
17802
32380
44953
44849
21162
39389
13888
45052
34151
33806
1515
13738
40382
14914
5476
3669
2236
22273
26606
6321
5709
32535
6150
44959
47900
31405
13980
45724
17983
24043
21694
21520
14837
8831
914
21937
17081
38339
28563
40352
2129
869
30509
276
11454
2276
27003
20610
3677
44876
27264
1239
24446
25529
23600
34695
5408
46522
23551
43817
1964
46328
43786
4613
6902
17778
28514
6385
2109
38325
40935
24591
42989
43094
46062
41348
16442
7628
12428
4879
45574
24366
15740
16453
25871
6817
39329
19535
9712
26528
23182
14399
22451
6691
7709
3580
25687
46215
7042
46702
43019
44239
31831
6541
29993
15385
10281
38637
36732
36658
36143
20272
38273
37546
19827
4884
18638
35563
15852
38434
45426
17271
43544
3279
44069
26427
31598
17584
35727
6990
32798
36646
2798
41750
35174
11112
19754
5062
34598
2116
30371
48751
6377
6163
12378
28161
5048
17520
18494
35158
24743
12184
20199
42854
23997
2967
24759
14822
40321
25447
22840
43076
32194
16232
38457
33563
38010
25991
32374
40794
30602
36714
4782
18237
22631
15600
29201
2894
14447
27051
42102
42798
49855
43497
5826
47132
30447
47678
33875
33459
23123
39116
10344
20847
19602
45739
13039
16938
35394
42351
10745
39433
27989
32612
26127
16710
45899
34432
16095
4275
46842
17844
24238
44006
9750
31014
39489
18517
1321
7206
14744
35341
38562
31010
13240
5246
46878
48751
34878
11457
19054
4279
23986
41775
27806
41542
25232
45216
32207
32905
39411
40914
16031
12130
8222
16950
19786
29021
730
12844
3153
12711
7017
39770
23950
7577
19502
5106
4114
32238
541
27321
17384
21535
29560
43034
27304
43022
15506
30694
20719
44396
14511
35114
44021
45608
6336
4452
25870
41176
1486
30996
37281
8671
4720
38613
4493
42323
30620
27732
9464
6804
31033
21263
37375
18044
35927
36987
973
2635
10707
19710
8642
31174
11523
2141
1679
12935
49043
42120
42418
20392
42051
19376
20309
24728
4115
45262
27064
40524
12885
34960
253
43065
5201
36314
27677
6984
13034
37958
44861
39722
34831
28865
28026
4888
35920
45828
44508
27151
25119
39169
36575
11083
19585
31346
44607
41525
3986
8391
39108
36366
49076
38738
49314
34043
9188
21596
47428
36459
43205
48609
8739
33046
32057
32399
35712
48979
7616
5239
21428
36374
22009
1285
37171
849
27850
14331
20752
24074
5200
47560
28248
9467
23944
36687
34544
9721
31924
40404
12061
7622
13755
26240
49973
49084
28682
22225
31811
7543
25718
13703
16287
39509
48692
28334
40793
34616
36703
14692
40492
25765
29784
22046
4116
47384
2695
4823
32668
12658
9584
32140
13492
28775
39192
12321
42132
41812
18662
34988
24355
35347
25208
39899
19725
42716
17224
11807
21775
36070
26377
5332
21674
20759
32363
8649
40283
16333
30231
30078
42702
17295
31585
1708
44542
23001
24337
1835
37704
27569
23156
1023
26944
34551
46792
30956
39894
16275
47122
11546
35677
19203
18971
39339
26671
46879
43288
47227
30670
48156
12816
20043
27212
5274
44655
38930
44791
36405
44102
11593
44147
12743
36339
38119
43799
28357
36281
5229
2711
13688
26361
34263
45571
1007
32211
39676
1225
22266
2851
26827
3915
18342
24134
925
16020
31804
43252
19233
39621
23367
47398
586
24890
21388
24930
16379
48727
1229
4394
38371
17530
18537
13786
13348
5240
34315
47692
280
48149
38276
36308
47056
11128
14319
10116
8666
33222
45412
22380
43171
619
37014
9146
4431
17685
5701
35469
28033
42714
49971
35342
46165
4586
16599
27297
27917
27036
3862
18571
20264
20376
13286
4531
19185
27389
45741
14251
10360
45715
44126
2426
45028
19077
6179
21216
30362
12484
47645
28690
7828
40137
43545
1293
34959
45789
23346
33053
25177
7149
18553
14992
10662
47311
27485
7737
4296
9738
1910
38409
24849
3792
30681
23284
17425
20736
39521
16057
8626
3495
49794
32666
12747
2555
40759
14223
9377
12732
31087
32986
46077
21927
41685
47466
2025
13567
8272
1331
34505
20466
34866
20320
17805
23505
3865
5208
24800
30982
33948
22955
38043
42499
44827
48229
33540
11677
16063
42576
10270
46721
43370
39828
8177
33036
38459
4869
33779
37910
4526
8502
40287
3761
8498
30385
12123
20471
4836
27703
45786
27480
17923
13920
26376
28324
49654
47861
23388
1869
47810
21752
39789
34852
2753
885
34563
43511
34504
39465
25868
39375
37623
24611
38932
31161
21343
48421
44195
37441
1911
29871
20877
40494
32450
38127
29571
32672
6752
31670
5354
36783
32088
8329
11377
37516
13038
42928
11540
10654
10617
41052
40312
6261
7669
41445
26221
2333
23591
12776
49441
49835
43438
49994
35058
19852
22042
38607
18241
40967
31643
37429
16697
5588
18953
36062
5959
30710
46599
13595
138
20072
44215
19332
2846
24372
814
12203
1007
9635
15582
18258
8207
8751
32785
41799
24127
30636
14279
31441
16221
29214
49367
43440
18073
37993
27839
15961
17066
36700
6776
26692
14341
49802
13510
39951
10042
18506
6853
35185
5228
32673
23101
35565
14605
30038
1756
33459
41175
18218
40890
44938
9251
823
5424
39848
34505
36459
3783
36007
11605
34874
10445
42233
34389
9046
11019
26995
40430
9894
29904
1854
48618
3617
506
39742
14215
13856
18934
29682
6851
7869
39752
47539
37921
44503
17374
27802
26758
49081
31654
47503
47732
15969
12716
38023
18577
29279
40434
39996
43503
39857
39944
22782
34933
19685
48658
28385
3388
47225
35712
3444
5676
11274
39313
24306
24918
43579
46735
20563
26487
14680
31757
38954
20574
34164
32509
42968
47000
47839
13160
27876
35376
8199
45143
11136
909
24230
3305
46611
14729
40325
34131
24089
470
19193
1850
24072
39900
48994
19106
36223
28589
17795
49069
38331
38511
33661
10157
41089
8982
42660
9902
27607
29262
10948
28366
33982
31775
1831
42054
49401
1338
40752
39627
41164
8425
2196
49054
39538
21083
39781
13022
36513
23111
22828
14750
32415
23613
12819
18996
39535
11362
45670
37080
21079
22278
28441
36028
46550
9153
18287
39098
49986
2434
4905
37621
47559
43581
14783
20545
15240
25017
34186
12543
7674
35575
49657
42544
17853
40478
30347
40220
45463
36365
41200
39492
39667
29782
41582
41910
10814
18130
13350
39591
8575
42951
14346
40307
12446
29997
8180
5941
35810
28569
32440
6633
18971
44825
12279
19373
2613
22173
8863
22647
34500
5053
37024
41533
30448
43471
12540
29839
4827
20061
47486
35579
14549
33552
7332
14591
44134
35579
10762
4960
34638
38322
25200
16606
22414
20559
37222
26947
19329
21162
28472
41756
8692
36515
20919
49713
13088
25910
9009
23736
46075
4112
28909
24575
49484
20556
510
13112
28612
1733
49788
44698
37469
42664
6744
1109
15734
4979
22400
24169
48809
10883
3368
32853
13192
35863
27311
35772
45207
45421
10644
30838
37163
35977
28524
22692
39072
38686
19294
44319
6961
22694
42570
18003
14280
22358
31801
48023
3394
5743
35767
28229
43113
42214
24279
49388
684
21953
2063
48488
49304
22633
33711
31325
24824
44634
47000
32140
10952
18316
5166
3877
39348
23158
48178
15886
4465
17128
7626
16083
9065
41619
49138
36443
39540
14201
44390
14979
39171
1950
45233
9805
6659
44147
6976
38356
34788
3428
3623
28469
46739
15305
35980
13037
47054
5829
36186
22017
12597
44658
37679
32928
2953
23200
6464
18928
14850
29441
34334
30491
41862
1782
32855
35352
2081
48759
8860
22085
36709
32118
37630
46278
45221
41774
3013
46018
25405
48846
33910
43004
31544
34826
43083
15915
7996
5269
10876
16139
5914
27951
22620
37712
1295
10296
25438
38892
31107
36172
41247
19245
20285
35739
10108
16509
36420
17498
35774
6537
13325
5457
30672
25641
47996
38679
9956
151
17120
3921
15605
49036
38686
16748
3441
24945
13117
46456
35328
24668
4459
21074
37602
5057
38761
1312
15811
39891
42148
4172
3128
699
17030
2350
12027
17868
22668
47344
39817
31142
12049
10681
13169
22977
49103
12338
5902
4362
23849
25553
38672
9717
25488
39191
9125
45886
43765
22691
12314
6054
25306
43106
46372
48679
7376
29766
22343
27643
26850
21887
14240
47257
8251
22330
37222
24986
21078
30145
21396
30465
21331
29158
44079
34219
19162
1356
36622
11263
1555
39778
48232
609
43208
3331
6926
20971
3460
3692
20789
29303
2970
48726
975
1802
41034
5018
23099
39912
44562
10169
11703
45869
40996
21773
43810
23712
34309
3727
13310
6673
47126
34666
19677
45490
45365
3030
23543
31422
18317
4571
31045
9623
22136
28479
49037
37918
5389
36116
1941
49816
6617
47371
15330
30846
24750
48870
49261
20434
23209
21136
30987
762
24299
38118
19241
45248
30809
20021
22514
23235
49239
17181
42027
40565
44153
7749
34685
1197
47146
11760
29916
48589
46128
6154
2744
3313
35576
21127
5939
15524
15809
25944
25596
1330
19368
46575
24598
37831
14823
22421
38214
10737
7213
25127
42414
4103
36398
45400
4578
25202
14254
38821
39267
37977
14781
43710
38
25403
43512
28691
30593
32110
46793
24303
25867
48347
16818
5690
16487
10958
35625
48255
10941
17548
2880
35457
41476
44650
11155
20279
40073
33551
31354
28503
45087
266
32027
23842
30498
10927
5319
38281
35359
49973
21637
29166
45121
30779
16406
4173
5320
31613
28006
30196
44733
46160
6921
10245
36214
12851
12835
2991
12819
25400
29447
9392
32516
44093
37821
2734
2903
4520
22843
48229
21286
46183
8095
1795
27465
45322
9575
44436
33246
11973
34571
22633
3686
38061
1774
40761
24339
7344
32003
39746
34887
36206
20694
3361
41417
33209
16333
8444
40091
23921
44948
25587
4487
14800
27435
21586
13748
27107
23028
38100
38954
38982
11225
24970
16527
24269
29101
4792
21515
48092
32686
49326
19480
38729
37294
34105
5604
4672
19973
5460
23388
2479
29324
348
7445
36022
12563
10015
36816
7671
42326
3209
39303
10708
10756
28066
44039
1359
41115
11101
10409
34799
11108
33906
11915
8476
21846
6947
21122
36129
5947
17445
21705
20314
28151
28251
19464
4328
29286
32932
38747
34474
18654
21513
43355
44545
24848
1464
10965
9226
35018
47435
47130
41878
39620
5596
28928
3868
21168
49639
42870
15443
27992
22759
5771
22304
16547
34217
3704
39607
23442
39680
957
31129
2660
40688
157
4628
49930
23475
29282
20209
40628
31584
37262
18168
20397
12706
47538
40657
21777
34742
9340
31627
15005
9656
35657
45606
44748
41532
9311
45434
48452
2877
394
26917
44879
17821
43421
22240
23330
22277
11007
19721
39447
17528
49927
16450
28294
36505
32305
12797
15597
24931
24667
19367
14275
39174
47198
19540
49643
8281
36333
32218
46073
11588
39766
34796
30802
21579
46767
36255
3718
26543
24475
46460
10898
40217
49139
7243
5448
5014
16251
43590
5547
21216
28064
4708
17980
12819
4367
28076
49726
13536
4305
29507
10784
20807
49612
21404
8305
19950
13807
11846
8767
26153
40141
1074
24227
28570
17390
38901
14406
34331
13923
8148
37857
14113
49036
21752
7245
34840
29176
12952
2031
16801
20585
17557
13482
31340
12658
45180
21182
9522
5601
2614
41064
13150
8836
255
13749
28652
39056
19609
14429
17511
37169
2256
2034
22258
43610
24010
11571
29468
34099
25023
9952
28991
28683
3128
32556
47339
6034
23175
19074
27809
1900
18634
14890
24461
21151
41663
16114
28710
10311
30633
2618
13765
49101
21731
41370
11076
29764
20931
22607
12813
26307
42709
2196
11526
2593
9404
15107
39309
79
22107
3124
17503
15970
8569
2695
43206
20146
14762
2619
14315
18955
3714
40493
17109
6403
46116
44619
491
12726
39584
1075
36281
3116
3291
2217
38040
22283
35607
41401
33536
33509
36619
13147
23852
30171
48187
8503
12245
27732
35329
4982
40073
49433
34003
45058
49481
3740
22651
47816
28823
6416
913
4270
40964
47100
32836
28922
45233
17064
45052
18196
28144
31408
40986
30186
43934
22630
16289
49766
2350
21262
1519
38629
11890
32524
26355
20709
44557
36354
20663
26184
45990
4070
3776
15814
13883
47154
36910
10521
38010
28905
24687
15319
45215
34680
42742
19899
35448
45963
23142
37277
22005
44412
5643
6930
13444
9206
47739
36439
21284
2482
48740
37345
18676
12775
26480
20381
41552
3903
37739
27652
11173
29240
45470
48391
4458
30682
43366
48005
22409
8011
48526
7560
13298
49422
36106
36018
4791
45323
6981
6417
584
9478
24841
33826
46994
7394
25884
34443
23065
32254
33004
18050
3938
26752
28838
4220
48905
47568
5884
44943
779
19878
5808
13137
23711
39609
2093
8585
31140
28104
27396
23319
4650
4836
46471
3930
4254
47682
29820
17411
16578
57
15219
20804
35659
3767
8530
1423
45674
29374
15241
46121
34027
29858
24339
10435
14372
22322
45900
1208
45753
34147
20910
5878
22281
33706
6748
24816
24932
49791
35006
20146
23551
16763
35408
33003
16247
42894
23497
7455
27488
23214
43550
25887
48192
43912
24215
33308
16546
32835
23280
27270
37402
26775
3582
2508
44293
470
37407
36673
45434
17093
6101
43344
4578
15218
49684
47166
1760
11879
38897
4096
45432
43928
39157
35655
33281
49075
45246
33517
6883
348
34607
15383
3752
9277
21079
49773
12117
29074
40487
18232
38336
25381
31459
48930
13858
23038
42665
42675
36142
3542
1213
28770
35298
42463
19125
41899
39459
41342
29165
3582
42881
5714
3573
16401
8711
19934
2248
18644
4176
4107
36686
22827
37338
1991
39185
25463
29082
37668
47793
43811
3487
25204
46810
9408
21116
29483
47754
13720
15957
28715
9104
14819
42348
2359
47122
12456
23310
2883
4652
2105
19646
16025
27791
46301
44015
29662
7175
39436
39356
8235
19800
24595
35630
31299
46222
4237
41644
7671
11637
239
6418
34843
3220
29932
38482
11172
10491
10404
30568
44397
5911
12564
42242
4503
29392
42208
25350
8304
10863
18121
47912
20716
1241
28468
35264
2967
43088
1089
14913
49170
11276
31026
4961
49555
26771
42962
34533
34446
41205
18064
12905
34103
34352
23482
21986
10993
16952
38966
42011
42228
21127
12836
23910
11666
23554
32554
31552
10422
46876
16544
48267
15190
48907
22569
24074
21024
13126
26786
22056
31498
34386
25167
23494
31735
32412
31661
43873
47917
13780
8061
9480
18527
16208
43242
3230
31281
48528
1184
27102
7189
5421
49628
44486
44633
18079
24366
44705
16158
22326
4126
18431
28665
11386
28480
37995
26775
28040
13084
34068
14773
42751
25767
33786
7953
44693
1373
3629
15889
12762
17774
18562
44335
37921
29164
46249
36202
2748
17037
2926
22500
1765
29561
20452
4500
9087
37642
13938
36607
27093
15167
9544
32098
35478
34888
43159
20611
21358
30755
42009
32943
19999
9376
34743
33698
33088
34068
44063
41143
47596
37624
42565
481
2194
2551
30541
29443
16214
12129
36196
1344
5517
40762
26444
10759
561
2567
31892
26615
3360
1439
33006
39239
3020
7902
10451
20703
28613
16083
16833
16385
32945
22296
7848
43883
3498
1033
21893
36180
10179
28143
25533
5851
1002
24857
9812
41117
26026
2548
26066
20862
18624
37801
3310
10110
9606
48361
17682
35036
42458
33275
18119
38789
40033
20310
19446
35963
12231
35949
39541
30639
993
27847
817
16001
25514
23054
45672
47796
22293
750
36201
49902
34650
18817
17868
45814
7126
11921
24451
41389
13671
23860
47637
17241
29826
33748
27171
33993
45209
2048
20861
22267
20220
49430
16642
36751
32645
39856
24794
20842
342
24307
15989
40847
31824
21860
31813
40666
2985
9914
35907
27320
24021
591
29136
348
39414
17993
14549
40653
28861
18262
9967
45821
44559
43012
186
3200
45335
27200
20411
8582
17447
41735
25939
7760
43397
3664
48309
37866
6826
46111
13286
44107
4484
23483
5175
17667
24106
18895
29503
47393
7772
96
36606
19084
43254
1743
33963
34120
49365
24299
46370
8565
7637
1614
15673
11752
41621
39678
21019
44584
28010
30486
15774
38172
4762
16281
19697
28516
21762
38864
5117
39661
16455
39993
12449
41937
15592
10986
43930
16463
46579
48053
12398
3186
550
35398
756
43233
25242
38641
49547
12611
32192
397
21357
8629
35579
33646
14516
48205
21603
5336
6743
2756
45420
36750
31150
40559
3106
21983
20865
29423
39332
35385
15460
33993
18898
43354
34273
29607
20990
14316
26304
47416
26217
44321
35106
39766
15976
12313
9379
19340
40198
17488
11810
34791
44616
10996
5665
13231
13204
23492
9738
48117
13045
20518
42743
18417
40290
43596
21185
1268
12480
38353
14885
32057
42542
49081
37421
4477
18383
25995
32316
30547
2555
26927
25205
4763
43162
38426
35877
655
5227
7842
18003
40145
20536
24488
26193
33669
49110
49321
28629
14791
3748
42395
36094
26602
28696
31504
43447
30461
38620
29901
39916
43811
8791
33093
44172
31629
7421
44985
14892
12220
48753
37643
2188
5731
12692
14315
45940
7743
5344
30661
34839
15342
663
5549
40184
14921
12876
39549
11131
15414
27517
19867
28092
22900
24017
45606
31803
44874
43679
17442
16962
31088
40387
9115
27691
2573
17545
41935
20538
19617
23180
18190
22801
38498
17387
37306
10867
32630
6831
16791
34016
34745
23684
48024
40
45008
13307
14238
28982
17835
15705
20222
6469
29330
46939
23264
5739
49459
11123
15950
20834
2916
20417
14058
49377
47135
12693
40932
22881
45368
20843
39138
7443
47824
14713
46493
34016
41977
38990
22310
49385
1812
3029
6769
4369
15017
21210
35335
26780
1068
959
31512
46115
31024
32112
31063
41551
43025
28866
39033
37639
18582
12167
43051
34826
33600
49162
6037
47017
9163
16665
35108
13933
19362
29534
38439
21908
34733
46452
46168
26465
25866
31257
3985
13581
38417
43558
11113
4848
18147
9585
24031
3130
31911
44795
15431
45524
21002
22272
44603
10881
31585
10943
20831
39929
8538
22114
1276
45364
921
14918
26073
24082
22918
43883
6987
35102
17042
38433
37413
47510
47985
37722
30491
9439
17280
44145
28729
44208
16135
34834
12021
38879
11234
26514
11453
4861
31140
367
37356
43219
44791
18867
3538
28726
5204
32305
45122
41846
22492
31424
4171
18400
43806
7013
25109
4871
23728
19474
3274
8379
9444
27865
35666
46867
43099
29121
7283
37673
16341
23006
26694
25708
36354
43834
13810
6671
42487
49468
35368
14681
7018
17746
46971
49492
25618
14497
17199
38451
37574
24362
9354
28290
32769
48348
7177
48049
10426
27311
21786
4467
24540
20455
17587
49118
30954
2612
3771
32564
45560
26079
39216
42699
32721
7686
28346
34252
45082
21163
18069
25147
36261
17018
44002
38800
39820
27193
11820
7452
24794
32259
1250
34840
29149
45175
36895
41284
34342
36796
42487
40426
43097
25123
45509
2174
49429
45511
15452
33854
40678
36124
42722
20960
1820
39700
47929
43449
18949
21684
28145
5237
4332
15094
33934
41750
33334
37362
14571
32598
9185
43553
22042
27644
12502
831
14123
26501
34724
18037
44118
6863
6480
17981
7927
19615
14769
18701
340
1369
48470
18350
36845
33024
30246
15905
48718
46671
39003
31886
10305
26897
16286
12180
44238
32226
10397
23322
42257
27702
34379
6777
12469
15634
23277
44788
14522
16012
3535
43661
2764
37675
21771
33873
3682
17948
5132
9560
4620
30738
13275
9376
23780
15287
42939
39897
44349
25461
5948
32668
43011
42104
8240
17642
21005
18411
26412
27459
42207
26520
2858
44872
49787
35665
2681
9969
39382
9902
33942
6647
10504
1225
7712
34338
11655
20548
28533
10762
29191
3151
25585
43530
33424
40278
44535
43583
26541
18529
14484
8705
29118
40040
45094
45797
13392
13006
1852
22792
24317
41231
5342
43062
14034
32652
33980
14876
24401
833
33674
14423
22692
22388
18571
29603
6312
35693
46727
17077
16125
47020
43647
20645
10157
28856
43518
1851
20156
26501
45606
34058
22506
24483
47465
24086
20237
888
22934
16907
17275
47881
5843
41720
49811
29806
3408
31983
21002
18544
20305
33606
24097
30956
36842
19883
41989
8661
32359
18235
21007
38112
48174
27596
26406
31776
2425
12944
41281
2987
30069
47528
46874
7554
49242
33380
37061
18239
7534
37972
35026
49807
39422
34397
7473
41502
26442
43032
10409
2397
46670
28695
29676
43516
23256
2082
36822
49729
12918
17600
1062
45978
13299
16081
15396
18781
14971
4565
26050
1682
1289
223
29150
43872
3321
25474
8802
15291
4685
33099
42624
17547
16787
48384
29192
18663
14894
38993
32705
31469
23337
9010
48027
17580
34933
33040
11535
2557
15529
5174
28848
38335
9682
47542
8701
46320
48042
46566
24403
39743
36433
35448
44083
7247
25328
18131
14283
28862
302
40408
5456
6529
20129
33531
41375
33898
21925
16682
35662
33045
30168
20259
4595
6647
555
46447
6722
33843
18673
39358
39515
9234
25101
23432
8336
1593
20824
41729
9189
38528
28673
42830
5250
21990
46627
5076
4219
8852
34385
15986
17403
30763
11917
13194
35166
25465
25116
40876
33540
25138
33830
33413
7121
2179
27935
18676
27181
32681
1890
41441
10377
25261
754
7516
48281
45439
13453
21963
43102
37057
44911
37887
17080
26289
31831
25869
32886
11888
7731
45441
7520
37510
22522
40520
9414
10002
42712
49534
41609
27491
10907
6469
26284
34647
32461
10983
34332
6820
32076
38283
44901
34438
30353
30855
27129
13139
16102
39732
43718
33393
46365
26010
5654
8654
13255
16049
20831
3326
16165
13271
1887
353
27475
33093
1486
46502
5471
40861
12238
4581
10611
16487
49399
2824
2049
49083
6862
35980
19235
37571
35826
14102
49775
44211
26778
11063
34917
42260
11493
41918
46636
39176
9995
26295
10270
47106
4349
10771
9877
26795
45310
19231
25142
4416
17339
48326
47913
4605
28271
30818
1173
536
8344
33536
168
37881
31581
20053
46306
42302
19377
22808
5710
46521
12246
12862
25417
15330
25976
31041
3916
35376
45127
36203
29000
6827
24751
23409
11230
36286
17744
39530
3609
48746
15216
26864
38013
26522
7178
11802
40359
44725
28848
28969
35935
10012
33992
34618
45901
12036
567
13899
10832
6270
41880
26161
26456
10628
1392
33034
30244
39180
43616
513
48100
46544
5053
4653
33729
10811
34516
34824
8763
40927
15631
34142
17181
4195
28678
6939
24279
25942
34783
44765
40729
7552
13149
18279
26801
11920
1813
49026
43267
23936
2285
5434
23984
41631
37252
639
41516
43967
6211
48693
4626
26409
12253
26018
6440
48079
17259
2975
22441
8553
35492
32808
40970
17366
46552
4898
3492
1172
45768
47330
35853
30235
15970
45876
20634
17683
19635
38145
32909
45559
46846
27157
25401
3276
15376
34744
3748
34513
4491
49634
26983
41242
7338
5013
48809
17974
5621
18096
46478
18127
16687
18373
6649
32320
34003
46859
33573
48787
29991
331
30651
19667
7522
7975
18529
18200
29527
25799
41960
10849
679
3341
21719
42921
22215
10192
42339
3446
14287
13386
48170
35585
28819
17289
906
22450
11444
26703
3436
35054
27190
22764
5915
623
34071
15925
28194
5815
6730
32064
16114
20772
33187
14141
12466
36265
37335
44796
26848
8107
29511
15764
42038
7259
19047
37261
46081
38901
41832
46489
41175
34796
2434
1624
5552
47015
7318
25481
1506
43403
47349
13830
8587
40604
46126
18393
35209
30774
19093
40568
5714
34601
16777
8750
18258
33069
42455
49450
28820
23814
9700
36996
29587
45407
40283
32576
31174
41995
30272
2427
7688
23608
225
45064
31732
29784
37098
45119
43817
3883
16182
1465
39572
21153
21721
2587
11818
47804
19086
40525
14851
38970
21713
17875
19985
5862
38519
36585
26846
45141
45690
38955
25304
30294
16325
2543
28947
12167
23777
30159
1029
45750
44152
38754
4398
9529
7043
9098
13124
33935
5336
5159
32460
17137
23181
11611
30828
39645
1878
21116
28821
33291
31424
4327
47383
35678
32331
10451
26295
42826
4275
41213
27621
17855
15256
17935
35207
39557
39400
18686
10326
28809
40902
2716
16824
22427
11351
17699
40566
22841
39360
443
32900
20563
10910
22367
23554
7087
1427
30308
9946
48501
15561
43302
885
41358
41174
35114
46438
36323
26989
17922
39233
48414
12469
14645
18565
25919
42997
36841
16183
30162
14056
7136
41895
32257
33313
4807
22221
47593
3575
16295
6196
49234
21206
29782
12717
16676
49387
38045
4780
41516
49024
7200
5720
29772
24307
33912
8743
35634
46150
22363
38734
47267
22584
32993
22243
674
17122
20302
37726
19239
12533
26147
23098
32344
14425
14769
26664
30652
7405
3385
39774
49887
9201
23861
5929
35729
14277
35950
48218
17468
5420
45741
38051
21615
24599
14221
38658
8514
4046
30693
44302
40112
29622
17114
49036
10402
48965
12562
22943
15936
29586
16671
44546
863
13562
28203
15262
27979
5803
24595
38303
34459
44742
29904
22100
48453
42976
28779
22538
8264
13455
18333
24122
12269
11945
38670
9492
18931
19220
5854
47122
7189
37750
7372
29805
35165
48750
9956
28442
25171
38453
15371
10146
46348
14972
9549
48373
36793
48707
23292
11822
23507
31017
16039
25239
29349
26442
18476
7933
37826
32501
33929
12083
19417
32147
21229
46784
5009
44210
18865
32126
24386
10280
2094
2338
24441
15585
9184
15354
27410
5602
24141
15139
30635
15543
20047
37268
26971
14322
6086
33443
49958
17827
22928
33673
46904
46215
31152
13318
12722
24263
46423
47675
1820
23670
49321
43231
47430
34875
45318
32631
5834
16074
38587
21367
29538
7470
9601
5703
18190
25786
4934
17925
26268
12012
18328
6892
21649
37079
40638
28063
49918
46886
49774
22970
2741
41496
49960
43861
26832
22180
43600
21658
33370
13447
2990
20083
4505
4314
17975
48922
15152
40147
21633
46432
16944
48271
48248
42207
19402
21785
12767
3643
810
965
3252
27389
30860
34514
8628
45457
45264
42484
30027
29518
15840
38459
48696
21106
46490
4424
13449
8884
45395
3965
41094
8131
48520
26933
46014
20037
43139
34065
18982
29558
45588
37788
5556
42267
37467
34713
27533
29702
29072
6434
38495
20622
35331
31001
24366
2418
48091
32132
47977
49739
22184
19041
26001
17667
33462
21737
46671
245
2705
22039
31062
34683
26993
44035
43668
49788
43014
42702
29353
9598
11038
44948
15748
2447
18233
46366
4686
39099
44798
35696
41592
9295
12559
23657
45617
5301
13985
10366
13984
32588
18377
32223
33045
49134
7446
24853
46500
15195
28039
44237
14464
4834
13169
355
39773
7308
16296
23430
30212
25560
47257
28799
18217
24577
18046
35361
21556
28252
1471
40254
8488
41601
13858
5681
46256
40244
7327
36012
30628
37605
3875
9459
32674
15892
45612
31046
22814
12077
32272
28046
1620
20766
18955
36297
31792
2756
32417
40337
47488
10464
3263
39913
6116
13301
22464
24006
11970
21744
37585
25019
32700
13918
31878
46528
10888
42861
17080
24311
24036
22771
29146
42337
18804
19419
34235
7852
49303
12188
3624
29591
29542
29324
19052
35415
13129
22733
14232
37196
5702
12906
47344
48386
36129
41603
46175
28677
13299
46170
15119
8818
41735
16481
26213
12695
37218
18082
20244
639
40702
15663
19801
29167
172
29377
39772
8518
19348
30558
43288
18029
47440
2179
31060
9090
18546
622
17064
21700
25372
38007
29169
16038
42068
17613
30539
48942
45292
7368
30908
45645
35190
29707
40781
1654
32908
22317
8698
10774
21613
33736
26201
2132
48538
32336
49505
40274
3697
25722
31647
20040
34121
42043
11792
37120
31526
6525
36627
42252
28180
32059
31123
17977
28974
44921
7945
38338
30336
6118
38388
12725
44289
2262
3842
3225
16324
35788
19353
15794
24093
35038
37020
25211
6565
6382
46810
39526
37540
28535
33746
42989
13084
33452
19193
32518
23331
39286
475
82
33970
14985
32218
34616
11173
23434
9881
49330
33002
38179
42039
22070
2606
22005
45651
37071
21049
49727
28488
36193
21581
32076
15955
48599
19195
47341
45756
1633
49937
28019
48889
23576
40914
30454
24194
35472
40154
6953
35465
30241
35753
6713
34518
40729
20562
3511
11934
28009
3259
23672
5598
37960
6634
3636
36904
5459
113
3463
32508
43259
19546
1062
35731
34973
3886
47881
11666
33172
44613
8224
26604
2232
19699
14913
40830
8319
13236
2845
20031
4520
19768
8193
6095
38505
41973
36243
13099
28974
12785
28909
29409
32543
30149
16760
45923
45218
24675
21217
5039
24851
11412
38148
20360
43123
25575
28035
25841
16095
18344
47199
43398
38681
19524
5216
46263
11147
2043
36389
19388
29800
2760
15365
43571
7205
49047
7710
24892
27528
41782
23344
25847
8062
40985
30434
10051
9672
33357
49307
29589
2138
33862
12164
18924
38195
8842
40835
26297
14105
19595
4336
47605
10534
43177
42596
17888
45436
16290
33012
16023
48243
39475
39102
38907
33012
35999
34862
44781
5209
48059
17631
47039
19713
15848
35308
42983
40247
27299
39944
6523
37976
24043
757
16806
35134
13002
30652
25857
16758
26772
48929
42192
22162
46356
10616
34134
44877
11596
9037
32109
18590
44495
49727
35568
7692
24446
30521
10851
31006
33989
23357
28849
1368
34388
15597
5332
32356
26795
41675
38127
40209
2396
21527
19312
49558
5807
8236
32668
27445
41588
14141
24310
39221
19456
24777
10761
37156
34325
44831
44828
15284
11925
46794
26776
38079
24800
48667
26975
43822
13833
2026
35123
49048
27831
440
7611
21702
12363
17231
26175
29121
35109
37783
32738
31601
45827
22727
35874
40953
14274
3233
3932
28677
24556
23928
12362
2587
9715
1307
26043
34751
47202
23427
1205
23306
8150
4385
23973
42820
21756
18171
23000
25744
7728
26300
4108
27413
14992
5499
34070
4760
33889
3755
31362
17069
4459
20464
22441
42814
37458
33789
22354
30761
23542
40012
45306
36955
3595
31017
38894
14413
17561
27146
20045
18462
12188
46970
3972
18942
8065
44356
32859
1895
32298
5743
39477
23942
9137
5660
46709
42317
35678
5879
46066
16050
48099
35639
4688
18218
4333
41482
21517
17624
8459
48641
2813
12598
26915
46640
7393
19384
10855
46129
22270
35786
46702
21035
47730
48889
30088
34640
5381
13108
37457
30881
5036
24524
26036
42274
48481
49615
39796
23436
5320
1678
24695
21799
9576
38476
45626
45601
1840
19005
4798
33795
20558
42568
47877
19360
28172
7496
33078
46114
46401
31102
4881
25932
28001
19305
25665
25915
42174
37199
1291
17190
48215
22531
16357
41431
16338
5955
20067
49704
25403
46770
15487
2792
40623
853
25687
13973
40410
21108
10516
4408
35127
12135
49571
24421
33613
25893
41785
27918
2731
45004
9255
40820
18213
32229
18296
14906
7940
722
12222
18373
43402
23257
20375
20433
36949
13283
29080
10922
5333
14154
38200
46949
41171
1650
12795
33037
10177
5047
33788
30296
20343
30783
36909
3138
7238
17085
31190
14011
12656
25017
33899
30792
10573
7090
6534
30483
1494
35596
19394
518
20083
34186
44104
42384
39240
20500
16807
38650
1867
22586
3614
914
2919
35902
32655
41042
11908
42636
36875
10607
45982
1510
7027
32866
31142
40491
45328
24426
30314
12741
1609
13265
42894
6728
16127
21938
34238
40119
42587
18353
32921
9010
47307
49681
1914
45958
34283
36206
49690
22372
7106
46806
5112
46091
20474
35864
19525
21492
47145
33199
10587
49335
30515
17079
11701
19883
4899
15561
40019
16211
30595
47851
3488
12199
45854
29843
37642
41637
8082
10633
7672
44335
21010
9624
21366
21877
4173
4552
22192
30012
19864
27111
32370
22317
7239
20189
15955
2546
9894
17952
37722
23273
41223
32840
37773
909
14081
29551
42872
40084
45065
48187
4922
13014
6731
27347
4089
23584
30812
14448
853
17637
46230
40989
15160
25819
35124
31875
9808
14029
10288
5811
43620
31404
47435
667
43754
711
754
24104
5386
21520
11956
7352
40482
37276
9907
29873
8865
11135
22874
37924
15004
2059
38819
41191
481
8962
28756
33322
20256
12859
2691
33244
5173
15793
10911
25298
19792
8022
26683
29641
40779
36866
14965
33302
33589
15948
49320
28862
46573
6261
16165
2410
19543
22771
27243
23807
29477
41097
30083
48128
785
30142
24518
24341
13827
35118
656
48586
972
13362
38758
23773
696
26654
44391
43702
10540
25680
6952
5124
34212
41291
15140
47055
30889
21651
28221
27385
19834
12892
9712
47449
39244
9410
21941
5640
10573
16092
10341
29615
38589
7666
47715
18456
48199
18246
8555
45431
1762
17563
33319
47765
39507
42609
5809
36348
38872
4065
32597
40881
9154
19751
19089
36087
35005
24705
3988
11860
5405
5030
41236
7439
10323
29752
26294
6535
4512
19092
25187
22854
27060
27659
36554
12737
43512
44576
3058
36286
35223
29481
23750
42257
17921
49388
44593
49856
33440
8909
33574
41863
19184
20007
44852
30787
36843
26220
37335
49105
49606
4963
29074
13215
6167
9064
13689
48681
32931
15967
2856
13544
42546
36511
5621
31343
1860
49062
19764
3783
43156
4622
3533
42532
47984
49334
3607
26892
22864
24830
41079
15784
12073
48081
34493
24653
24784
33011
33467
9365
38295
34924
10255
36953
16727
25218
37954
19653
41508
34683
39603
7488
29904
6390
13439
36632
46042
42072
15927
30037
14428
46453
18883
7017
37567
6663
45846
37147
28139
26513
31863
26003
22591
5168
25608
45603
11819
33785
20850
4507
37701
28039
47549
12158
8272
42371
38120
4685
12892
17723
40258
26595
10924
11302
32412
17771
16143
24293
13095
14336
33669
5131
10825
15948
1
14465
34842
8564
9300
27314
14816
30833
18105
36126
44442
45105
46457
4502
21849
958
33900
38420
11993
49026
6399
27874
29990
28334
11712
48073
21495
23475
30764
47076
23664
20869
43945
1644
6750
13485
31176
12131
3459
32361
34195
44103
2991
18992
745
4527
2498
16355
42852
33931
21035
12549
17410
42372
38722
34884
13948
30867
26448
14782
46235
38948
20929
23029
13780
3123
11464
35181
12010
16460
25745
44329
1458
33388
46772
49567
3987
6166
23416
23602
35589
1454
40495
20255
26618
15978
20957
22359
8630
4778
7042
31305
33182
49982
43059
6139
22563
6055
9278
8778
20702
48199
5998
19799
2760
22412
521
13297
37195
23033
12517
35846
28087
46039
13323
36085
11696
23263
34054
1158
24227
7210
45804
41708
42527
7918
24327
13796
18829
18022
13119
7168
5047
49029
44797
22728
10590
35616
39144
47470
16934
23110
10799
25410
34124
2103
44318
29249
32470
36718
39273
1556
4682
45960
10388
5242
46890
23762
24509
12050
28152
18158
15578
38102
63
23156
20770
22576
9819
16862
20472
4374
6563
31522
46983
20762
20264
46172
36265
31437
6717
35595
7573
2135
34671
41325
29893
38680
46022
6775
30608
11387
3190
48558
3668
14148
5189
31836
3279
9204
27047
49998
9379
25706
33208
19938
27608
6984
9405
20920
7918
22482
32349
13872
31505
21240
40369
39880
35182
11369
21064
41264
10764
33713
34300
30092
3455
31765
30297
31710
42988
19244
36367
21974
32403
18023
10284
22634
47347
10890
28776
37808
9063
30914
39721
22075
3962
37690
11191
26243
1006
5269
34082
4566
23587
78
40209
895
27201
29349
26596
14888
5926
29433
36733
22797
8452
4619
23454
4286
708
129
35214
14647
5970
15529
3608
10852
36689
20500
7988
38965
42423
16671
41910
40066
49586
23259
15385
30800
14142
48732
13494
21859
32075
39149
48160
9265
3223
33578
45467
36843
25689
5606
22051
34147
3845
13641
48438
8119
26369
22398
38694
28212
4735
16843
2742
46986
11444
18442
17558
36100
44565
43292
28041
21782
28289
19039
8378
33481
22431
21161
31503
2728
49657
27688
27003
26343
28891
7705
33664
48239
46482
34433
48237
4430
19044
23753
25430
38318
17815
15498
7388
45359
31563
21620
20567
5121
41140
27537
37270
39612
45775
7534
20299
43846
7600
29890
33958
10507
18863
35856
28880
35469
5978
22082
41016
18187
47633
30491
21027
16782
49366
33462
5894
29999
44780
40086
13896
14529
27178
23287
42718
1092
42179
38615
18225
12926
28864
40742
513
25472
3114
35693
6918
48253
20509
36786
24733
23716
352
17840
46134
32064
46328
37534
12189
46633
38828
28270
29602
11646
49466
49824
11523
19703
26591
22363
2816
34664
23428
46333
21373
17306
47419
33096
31921
29026
48322
16185
40684
26713
14496
26638
37183
30680
3450
34671
3127
41780
3803
10882
4862
42530
11526
30729
11194
5983
34484
20005
30483
10893
11220
2743
8873
22572
47400
13719
9457
5127
15815
4835
45130
47364
14219
33434
43361
12398
40387
9918
26870
8539
41540
31459
46378
42561
9385
31955
3231
39446
12096
18164
43559
32675
29724
8977
33649
15720
2984
38044
45603
22230
4084
433
15831
4598
44192
34809
29534
9699
22704
29591
8103
13263
21297
40351
20316
23534
38759
37973
39211
20799
6325
8889
36885
13446
12238
33721
47767
44421
36048
40285
33078
11249
6012
16822
49978
27130
38931
31933
10516
37164
11272
35395
40571
34677
43181
28667
43689
705
32499
32732
45634
27298
26972
40345
10199
26210
17489
24014
11582
7092
21846
32525
41230
14408
28981
32164
35655
13412
43548
18621
48751
32192
33929
12551
22719
25057
47183
19163
19281
35151
39621
13237
15759
2807
14267
49145
23108
38606
7315
49563
29016
10300
26888
9558
20336
23762
38951
32582
11362
5384
25762
45021
20968
8462
18773
9861
35443
23328
25589
36292
10854
24338
2726
32225
35958
32143
11446
43395
8950
28919
27999
4686
11073
36755
48276
46188
37879
42365
30756
22207
35400
45945
2512
21685
7503
43326
27915
19922
35556
44612
4227
39094
9418
36746
28691
30310
40845
38417
32895
6183
18816
38699
10248
23155
12363
48963
39445
27487
